ONEWEB-0012             
1 44057U 19010A   22320.43302179  .00000000  00000+0 -34415-4 0  9990
2 44057  87.9040 129.3387 0001225 139.3822 220.7400 13.16595677179351
ONEWEB-0010             
1 44058U 19010B   22320.76234000  .00000134  00000+0  31635-3 0  9991
2 44058  87.9037 129.2660 0001964 115.1997 244.9338 13.16595740179445
ONEWEB-0008             
1 44059U 19010C   22320.71168569  .00000011  00000+0 -52163-5 0  9999
2 44059  87.9040 129.3156 0001403  75.1937 284.9350 13.16594528179551
ONEWEB-0007             
1 44060U 19010D   22320.84850238  .00000144  00000+0  34898-3 0  9995
2 44060  87.9067 159.5529 0001115  93.8097 266.3161 13.15547685179358
ONEWEB-0006             
1 44061U 19010E   22320.60765788 -.00000022  00000+0 -91212-4 0  9996
2 44061  87.9102 159.7255 0001474 101.4431 258.6865 13.15548214179379
ONEWEB-0011             
1 44062U 19010F   22320.82315255 -.00000123  00000+0 -36107-3 0  9994
2 44062  87.9105 159.7086 0001183  78.7475 281.3788 13.15545833179399
ONEWEB-0013             
1 45131U 20008A   22320.72883826  .00000138  00000+0  36394-3 0  9996
2 45131  87.9108 313.9451 0000792  86.9719 273.1498 13.09363413134839
ONEWEB-0017             
1 45132U 20008B   22320.61417214  .00001008  00000+0  28514-2 0  9990
2 45132  87.8763 296.3547 0002043  89.6752 270.4609 13.10377583136576
ONEWEB-0020             
1 45133U 20008C   22320.66089033 -.00000652  00000+0 -19034-2 0  9993
2 45133  87.8764 296.3347 0002184  79.1452 280.9921 13.10368077136978
ONEWEB-0021             
1 45134U 20008D   22320.67493281 -.00000060  00000+0 -20870-3 0  9993
2 45134  87.8707 296.4269 0001718  82.2031 277.9291 13.10376743137280
ONEWEB-0022             
1 45135U 20008E   22320.69986371  .00000605  00000+0  16955-2 0  9994
2 45135  87.8762 296.3310 0002277  86.7605 273.3783 13.10373407136981
ONEWEB-0023             
1 45136U 20008F   22320.68741243  .00000519  00000+0  14497-2 0  9994
2 45136  87.8799 296.3822 0001698  67.1902 292.9404 13.10376229136712
ONEWEB-0024             
1 45137U 20008G   22320.96476739 -.00000631  00000+0 -18437-2 0  9996
2 45137  87.8853 296.2404 0001830  86.2157 273.9179 13.10374054137668
ONEWEB-0025             
1 45138U 20008H   22320.67647447 -.00000227  00000+0 -68712-3 0  9994
2 45138  87.8756 296.3539 0001400  88.6466 271.4821 13.10374355137204
ONEWEB-0026             
1 45139U 20008J   22321.12656570 -.00113992  00000+0 -32696+0 0  9995
2 45139  87.8812 280.9292 0002010  65.8166 294.3172 13.11140757140558
ONEWEB-0028             
1 45140U 20008K   22320.62400134 -.00000449  00000+0 -13024-2 0  9993
2 45140  87.8869 281.0559 0001133  95.0712 265.0546 13.11418520137111
ONEWEB-0032             
1 45141U 20008L   22320.69209072  .00000568  00000+0  15908-2 0  9992
2 45141  87.8738 296.2716 0001853  90.4162 269.7178 13.10373955136939
ONEWEB-0033             
1 45142U 20008M   22320.66714012 -.00000309  00000+0 -92173-3 0  9990
2 45142  87.8852 296.2449 0002235  83.8175 276.3207 13.10370116136848
ONEWEB-0035             
1 45143U 20008N   22320.69832092  .00000655  00000+0  18396-2 0  9999
2 45143  87.8761 296.3510 0001833  84.9029 275.2307 13.10372854136571
ONEWEB-0036             
1 45144U 20008P   22320.68897530  .00000555  00000+0  15534-2 0  9997
2 45144  87.8762 296.3011 0001815  79.9970 280.1362 13.10375073137009
ONEWEB-0038             
1 45145U 20008Q   22320.97182842  .00000384  00000+0  10476-2 0  9993
2 45145  87.8818 281.0074 0001204 110.2975 249.8283 13.11415398139651
ONEWEB-0039             
1 45146U 20008R   22320.97566619 -.00000424  00000+0 -12517-2 0  9997
2 45146  87.8764 296.2848 0001196  88.1630 271.9634 13.10377126137615
ONEWEB-0040             
1 45147U 20008S   22320.66400610 -.00000687  00000+0 -20052-2 0  9996
2 45147  87.8729 296.3824 0001674  78.6363 281.4952 13.10373636136496
ONEWEB-0041             
1 45148U 20008T   22320.81059992  .00000085  00000+0  11509-3 0  9995
2 45148  87.9272 275.5691 0018596  26.7403 333.4700 13.48366295141727
ONEWEB-0043             
1 45149U 20008U   22320.66556032 -.00000870  00000+0 -25294-2 0  9995
2 45149  87.8764 296.3499 0001709  72.8150 287.3165 13.10374820136817
ONEWEB-0044             
1 45150U 20008V   22320.69363267  .00000604  00000+0  16937-2 0  9993
2 45150  87.8761 296.3450 0001467  87.9967 272.1328 13.10375332137113
ONEWEB-0045             
1 45151U 20008W   22321.13115276  .00000086  00000+0  20665-3 0  9997
2 45151  87.8907 280.9326 0001841  88.5707 271.5632 13.11413821139741
ONEWEB-0047             
1 45152U 20008X   22320.68583544  .00000541  00000+0  15128-2 0  9997
2 45152  87.8764 296.3446 0001708  83.9820 276.1502 13.10376268136830
ONEWEB-0048             
1 45153U 20008Y   22320.68117351  .00000258  00000+0  70306-3 0  9992
2 45153  87.8767 296.3489 0001683  77.2450 282.8865 13.10376350136443
ONEWEB-0049             
1 45154U 20008Z   22320.68273551  .00000276  00000+0  75439-3 0  9990
2 45154  87.8759 296.3087 0001752  73.4319 286.7001 13.10374845136664
ONEWEB-0051             
1 45155U 20008AA  22320.90003947  .00000176  00000+0  46072-3 0  9996
2 45155  87.8865 280.9815 0001840  86.3262 273.8076 13.11409468140394
ONEWEB-0052             
1 45156U 20008AB  22320.67959771  .00000163  00000+0  43146-3 0  9991
2 45156  87.8756 296.2910 0001807  50.3730 309.7557 13.10376499136578
ONEWEB-0053             
1 45157U 20008AC  22320.66245508 -.00000585  00000+0 -17134-2 0  9994
2 45157  87.8764 296.3646 0001698  80.7009 279.4310 13.10374333136541
ONEWEB-0054             
1 45158U 20008AD  22320.69675490  .00000615  00000+0  17261-2 0  9998
2 45158  87.8759 296.3483 0001928  90.4130 269.7218 13.10373428136660
ONEWEB-0056             
1 45159U 20008AE  22320.67804071 -.00000002  00000+0 -43006-4 0  9996
2 45159  87.8763 296.3464 0001638  79.6967 280.4345 13.10376460136817
ONEWEB-0057             
1 45160U 20008AF  22320.68427302  .00000292  00000+0  80015-3 0  9996
2 45160  87.8766 296.3299 0001550  84.5988 275.5316 13.10377172136981
ONEWEB-0058             
1 45161U 20008AG  22320.67180501 -.00000329  00000+0 -97815-3 0  9992
2 45161  87.8769 296.3690 0001670  90.9421 269.1898 13.10377571137052
ONEWEB-0059             
1 45162U 20008AH  22320.66869506 -.00000469  00000+0 -13786-2 0  9990
2 45162  87.8767 296.3545 0001744  90.9527 269.1800 13.10375565136951
ONEWEB-0062             
1 45163U 20008AJ  22320.69521422  .00000685  00000+0  19269-2 0  9996
2 45163  87.8761 296.3391 0001813  79.5205 280.6126 13.10373590136829
ONEWEB-0065             
1 45164U 20008AK  22320.67335945 -.00000495  00000+0 -14551-2 0  9998
2 45164  87.8791 296.3228 0001700  81.0944 279.0375 13.10374795136517
ONEWEB-0066             
1 45424U 20020A   22320.96061548  .00000474  00000+0  13028-2 0  9991
2 45424  87.8806 281.0293 0001896  99.5669 260.5673 13.11416735131221
ONEWEB-0067             
1 45425U 20020B   22321.13789962 -.00000163  00000+0 -49471-3 0  9998
2 45425  87.8804 280.9952 0001746  89.3035 270.8293 13.11414295131308
ONEWEB-0080             
1 45426U 20020C   22320.62960341 -.00000251  00000+0 -74300-3 0  9991
2 45426  87.8809 281.0936 0002037  84.8132 275.3228 13.11420229131199
ONEWEB-0090             
1 45427U 20020D   22320.64644014  .00000465  00000+0  12749-2 0  9993
2 45427  87.8781 281.1353 0001883  86.4489 273.6854 13.11419345131164
ONEWEB-0061             
1 45428U 20020E   22320.60155829 -.00000156  00000+0 -47530-3 0  9997
2 45428  87.8806 281.0859 0001608  86.2358 273.8954 13.11413992131111
ONEWEB-0081             
1 45429U 20020F   22320.65991805  .00000496  00000+0  13643-2 0  9997
2 45429  87.8818 281.0951 0001533  90.2751 269.8552 13.11414795131231
ONEWEB-0069             
1 45430U 20020G   22320.80129127  .00000454  00000+0  12464-2 0  9990
2 45430  87.8808 281.0757 0001843  89.6407 270.4932 13.11416862131181
ONEWEB-0031             
1 45431U 20020H   22321.15582259 -.00000490  00000+0 -14189-2 0  9997
2 45431  87.8807 280.9846 0001839  78.4148 281.7186 13.11415031131218
ONEWEB-0027             
1 45432U 20020J   22321.08832093 -.00000069  00000+0 -20989-3 0  9992
2 45432  87.9075 265.7975 0002085  83.6721 276.4648 13.17646313134098
ONEWEB-0064             
1 45433U 20020K   22320.61953043 -.00000493  00000+0 -14256-2 0  9990
2 45433  87.8809 281.1228 0002356  85.9715 274.1682 13.11415822131177
ONEWEB-0018             
1 45434U 20020L   22320.95612985  .00000520  00000+0  14312-2 0  9997
2 45434  87.8807 281.0218 0001735  89.7720 270.3606 13.11416066131177
ONEWEB-0083             
1 45435U 20020M   22320.41082550  .00000367  00000+0  99986-3 0  9998
2 45435  87.8807 281.1417 0001864  79.3730 280.7608 13.11419328131136
ONEWEB-0095             
1 45436U 20020N   22320.40690541  .00000137  00000+0  35136-3 0  9995
2 45436  87.8813 281.1577 0001873  70.6730 289.4601 13.11418816131135
ONEWEB-0092             
1 45437U 20020P   22320.59932608 -.00000037  00000+0 -14046-3 0  9997
2 45437  87.8817 281.1009 0001804  73.3225 286.8101 13.11415304131273
ONEWEB-0085             
1 45438U 20020Q   22320.63296783 -.00000299  00000+0 -87929-3 0  9990
2 45438  87.8809 281.1180 0001796  92.2049 267.9284 13.11417726131169
ONEWEB-0096             
1 45439U 20020R   22320.41307389  .00000439  00000+0  12025-2 0  9990
2 45439  87.8806 281.1413 0001616  88.7599 271.3714 13.11417576131123
ONEWEB-0037             
1 45440U 20020S   22320.39734273 -.00000451  00000+0 -13080-2 0  9993
2 45440  87.8805 281.1447 0001715  78.8623 281.2697 13.11416996131157
ONEWEB-0042             
1 45441U 20020T   22320.60828570 -.00000429  00000+0 -12457-2 0  9994
2 45441  87.8807 281.1069 0001613  79.2587 280.8722 13.11416350131159
ONEWEB-0098             
1 45442U 20020U   22320.62848747 -.00000351  00000+0 -10252-2 0  9990
2 45442  87.8807 281.0946 0001837  92.8418 267.2920 13.11417485131132
ONEWEB-0055             
1 45443U 20020V   22320.61278606 -.00000499  00000+0 -14429-2 0  9994
2 45443  87.8816 281.0994 0001873  89.8892 270.2450 13.11416160131106
ONEWEB-0093             
1 45444U 20020W   22320.58810308  .00000410  00000+0  11214-2 0  9992
2 45444  87.8806 281.1144 0001884  92.4698 267.6645 13.11416178131161
ONEWEB-0029             
1 45445U 20020X   22320.91457870 -.00000392  00000+0 -11407-2 0  9996
2 45445  87.8810 281.0376 0001491  87.6636 272.4662 13.11417953131193
ONEWEB-0068             
1 45446U 20020Y   22321.11433308  .00000444  00000+0  12180-2 0  9995
2 45446  87.8807 281.0054 0001796  96.4112 263.7220 13.11414931131161
ONEWEB-0046             
1 45447U 20020Z   22320.95838716  .00000519  00000+0  14284-2 0  9999
2 45447  87.8808 281.0475 0001779  80.3763 279.7566 13.11417596131154
ONEWEB-0063             
1 45448U 20020AA  22320.60604890 -.00000344  00000+0 -10072-2 0  9995
2 45448  87.8801 281.0968 0001792  73.6619 286.4706 13.11414256131189
ONEWEB-0019             
1 45449U 20020AB  22320.81025499  .00000570  00000+0  15722-2 0  9997
2 45449  87.8810 281.0649 0002022  83.8134 276.3224 13.11418181131069
ONEWEB-0094             
1 45450U 20020AC  22321.08672134  .00000037  00000+0  60887-4 0  9995
2 45450  87.9191 265.7051 0002056  80.4552 279.6811 13.17652844134045
ONEWEB-0087             
1 45451U 20020AD  22321.14911409 -.00000538  00000+0 -15544-2 0  9990
2 45451  87.8748 281.0172 0001428  92.0882 268.0409 13.11416147131157
ONEWEB-0082             
1 45452U 20020AE  22320.61726769 -.00000478  00000+0 -13849-2 0  9994
2 45452  87.8807 281.0690 0001696 101.1093 259.0225 13.11412311131168
ONEWEB-0050             
1 45453U 20020AF  22320.81004497  .00012737  00000+0  10700-2 0  9996
2 45453  87.5439 192.8150 0028077  21.2114 339.0275 14.97911602145076
ONEWEB-0034             
1 45454U 20020AG  22320.94039705 -.00000199  00000+0 -59661-3 0  9992
2 45454  87.8806 281.0241 0001661  85.2093 274.9225 13.11419148131133
ONEWEB-0060             
1 45455U 20020AH  22320.94827367  .00000296  00000+0  79798-3 0  9991
2 45455  87.8810 281.0359 0001774  84.0621 276.0709 13.11417266131092
ONEWEB-0086             
1 45456U 20020AJ  22321.11993798  .00000502  00000+0  13799-2 0  9992
2 45456  87.8808 280.9919 0001710  90.8942 269.2382 13.11415008131162
ONEWEB-0088             
1 45457U 20020AK  22320.63747011  .00000043  00000+0  84730-4 0  9999
2 45457  87.8805 281.0955 0001657  82.3350 277.7966 13.11419099131033
ONEWEB-0102             
1 47258U 20100A   22320.82838152 -.00000304  00000+0 -87924-3 0  9996
2 47258  87.8975 250.5310 0002099  83.5503 276.5864 13.12439990 93115
ONEWEB-0109             
1 47259U 20100B   22320.83896629 -.00000354  00000+0 -10194-2 0  9990
2 47259  87.8936 250.5787 0001772  77.9310 282.2017 13.12445067 92947
ONEWEB-0110             
1 47260U 20100C   22321.09099646  .00000076  00000+0  17639-3 0  9996
2 47260  87.8933 250.5026 0001943  84.2724 275.8626 13.12444635 93149
ONEWEB-0111             
1 47261U 20100D   22321.04650209  .00000120  00000+0  29846-3 0  9993
2 47261  87.8934 250.4942 0001978  81.5169 278.6184 13.12444662 92978
ONEWEB-0114             
1 47262U 20100E   22321.07828332 -.00000325  00000+0 -94018-3 0  9993
2 47262  87.8936 250.5120 0002464  74.2801 285.8599 13.12442500 92938
ONEWEB-0117             
1 47263U 20100F   22321.06981386 -.00000468  00000+0 -13370-2 0  9991
2 47263  87.8939 250.5380 0001716  81.7668 278.3655 13.12441650 92949
ONEWEB-0118             
1 47264U 20100G   22321.10159181  .00000504  00000+0  13664-2 0  9992
2 47264  87.8939 250.4843 0002362  60.4487 299.6877 13.12443999 93147
ONEWEB-0119             
1 47265U 20100H   22320.82414800 -.00000191  00000+0 -56611-3 0  9997
2 47265  87.8973 250.5332 0001746  81.6374 278.4952 13.12440425 93088
ONEWEB-0120             
1 47266U 20100J   22321.08243616 -.00000681  00000+0 -19291-2 0  9998
2 47266  87.8901 250.5725 0002149  73.0831 287.0533 13.12442530 93144
ONEWEB-0121             
1 47267U 20100K   22321.06558293 -.00000501  00000+0 -14294-2 0  9996
2 47267  87.8875 250.5653 0001663  81.1760 278.9557 13.12443713 93055
ONEWEB-0122             
1 47268U 20100L   22320.83049836 -.00000394  00000+0 -11297-2 0  9999
2 47268  87.8937 250.5598 0001960  80.9184 279.2166 13.12439913 92933
ONEWEB-0123             
1 47269U 20100M   22321.05499453 -.00000264  00000+0 -76994-3 0  9991
2 47269  87.8965 250.4975 0001830  76.4556 283.6776 13.12441949 93100
ONEWEB-0124             
1 47270U 20100N   22321.04229042  .00000218  00000+0  57171-3 0  9990
2 47270  87.8934 250.5258 0001484  86.9575 273.1723 13.12442859 92987
ONEWEB-0125             
1 47271U 20100P   22320.86652502  .00000274  00000+0  72623-3 0  9992
2 47271  87.8935 250.5759 0001959  74.5473 285.5872 13.12443618 93024
ONEWEB-0126             
1 47272U 20100Q   22321.04545544  .00000092  00000+0  22119-3 0  9994
2 47272  87.8934 250.5363 0002046  77.8742 282.2616 13.12439236 93119
ONEWEB-0127             
1 47273U 20100R   22321.08464782 -.00000032  00000+0 -12438-3 0  9992
2 47273  87.8971 250.4707 0001880  76.4820 283.6518 13.12440490 93142
ONEWEB-0128             
1 47274U 20100S   22321.10582086  .00000512  00000+0  13891-2 0  9998
2 47274  87.8944 250.4885 0001862  90.5254 269.6088 13.12444636 93162
ONEWEB-0129             
1 47275U 20100T   22321.08676850 -.00000022  00000+0 -95527-4 0  9995
2 47275  87.8933 250.5435 0003576  71.2263 288.9253 13.12442580 93099
ONEWEB-0130             
1 47276U 20100U   22320.80722760  .00000361  00000+0  96802-3 0  9997
2 47276  87.8934 250.5911 0001820  80.4596 279.6738 13.12443156 93029
ONEWEB-0131             
1 47277U 20100V   22321.11006825  .00000433  00000+0  11693-2 0  9994
2 47277  87.8934 250.4766 0001707  81.9030 278.2293 13.12442891 93105
ONEWEB-0132             
1 47278U 20100W   22321.06344486 -.00000457  00000+0 -13047-2 0  9990
2 47278  87.8935 250.4865 0002086  76.1557 283.9804 13.12439560 92994
ONEWEB-0133             
1 47279U 20100X   22321.08040301 -.00000248  00000+0 -72480-3 0  9997
2 47279  87.8969 250.4878 0001762  79.6188 280.5139 13.12441704 93150
ONEWEB-0134             
1 47280U 20100Y   22320.81992242 -.00000015  00000+0 -76264-4 0  9996
2 47280  87.8949 250.5488 0001995  86.2339 273.9018 13.12443293 93098
ONEWEB-0135             
1 47281U 20100Z   22321.09310207 -.00003865  00000+0 -10781-1 0  9998
2 47281  87.8969 250.4704 0002379  77.0741 283.0653 13.12459716 93154
ONEWEB-0136             
1 47282U 20100AA  22321.03805508  .00000279  00000+0  74057-3 0  9998
2 47282  87.8935 250.5540 0002507  95.0804 265.0611 13.12442885 93074
ONEWEB-0137             
1 47283U 20100AB  22320.76908731 -.00000297  00000+0 -86218-3 0  9994
2 47283  87.8934 250.5711 0001997  73.7888 286.3460 13.12445337 92949
ONEWEB-0138             
1 47284U 20100AC  22321.05074715 -.00000106  00000+0 -32940-3 0  9996
2 47284  87.8935 250.5267 0001974  80.3016 279.8335 13.12443269 93063
ONEWEB-0139             
1 47285U 20100AD  22321.09946645  .00000314  00000+0  83625-3 0  9996
2 47285  87.8934 250.5556 0001865  85.2802 274.8540 13.12444734 93140
ONEWEB-0140             
1 47286U 20100AE  22321.04438954  .00000151  00000+0  38559-3 0  9996
2 47286  87.8937 250.5005 0001937  82.0360 278.0988 13.12444041 93094
ONEWEB-0141             
1 47287U 20100AF  22321.06663997 -.00000516  00000+0 -14696-2 0  9998
2 47287  87.8935 250.4959 0002024  68.2744 291.8600 13.12441179 93093
ONEWEB-0142             
1 47288U 20100AG  22320.82945692 -.00000331  00000+0 -95503-3 0  9999
2 47288  87.8936 250.5926 0002005  74.7921 285.3429 13.12446085 93052
ONEWEB-0143             
1 47289U 20100AH  22321.08887195  .00000039  00000+0  74427-4 0  9998
2 47289  87.8935 250.5039 0001743  77.6021 282.5303 13.12442154 93062
ONEWEB-0144             
1 47290U 20100AJ  22321.06133383 -.00000402  00000+0 -11535-2 0  9996
2 47290  87.8937 250.5233 0002022  83.8755 276.2604 13.12444071 92980
ONEWEB-0145             
1 47291U 20100AK  22321.10793705  .00000428  00000+0  11554-2 0  9999
2 47291  87.8969 250.4815 0001918  75.1640 284.9701 13.12442533 93189
ONEWEB-0146             
1 47292U 20100AL  22321.10370262  .00000470  00000+0  12710-2 0  9991
2 47292  87.8939 250.5248 0001206  74.2079 285.9183 13.12444401 93095
ONEWEB-0147             
1 47293U 20100AM  22320.84320351 -.00000529  00000+0 -15056-2 0  9999
2 47293  87.8926 250.5406 0002203  89.2101 270.9280 13.12446901 92951
ONEWEB-0115             
1 48042U 21025A   22320.74904728 -.00000185  00000+0 -54156-3 0  9997
2 48042  87.9060 220.1777 0001453  80.0884 280.0409 13.13468725 81830
ONEWEB-0152             
1 48043U 21025B   22320.76174995 -.00000208  00000+0 -60498-3 0  9997
2 48043  87.9089 220.1619 0001650  80.8277 279.3038 13.13471642 81796
ONEWEB-0153             
1 48044U 21025C   22320.73847745 -.00000120  00000+0 -36233-3 0  9998
2 48044  87.9061 220.1565 0001765  75.5928 284.5397 13.13468616 81780
ONEWEB-0154             
1 48045U 21025D   22320.73635760 -.00000037  00000+0 -13577-3 0  9994
2 48045  87.9008 220.2103 0001678  78.0922 282.0395 13.13468511 81747
ONEWEB-0116             
1 48046U 21025E   22320.77866024  .00000186  00000+0  47412-3 0  9996
2 48046  87.9025 220.1932 0001306  75.0873 285.0401 13.13467009 81894
ONEWEB-0150             
1 48047U 21025F   22320.75116806 -.00000312  00000+0 -88952-3 0  9998
2 48047  87.9054 220.1738 0001886  69.5748 290.5583 13.13472380 81781
ONEWEB-0107             
1 48048U 21025G   22320.75328519 -.00000347  00000+0 -98378-3 0  9996
2 48048  87.9054 220.1727 0002135  71.6565 288.4796 13.13472600 81764
ONEWEB-0101             
1 48049U 21025H   22320.79348729  .00000357  00000+0  94364-3 0  9996
2 48049  87.9055 220.1686 0001919  77.6086 282.5258 13.13466921 81748
ONEWEB-0113             
1 48050U 21025J   22320.77021796  .00000256  00000+0  66649-3 0  9991
2 48050  87.9060 220.2055 0001492  77.8451 282.2845 13.13472225 81823
ONEWEB-0112             
1 48051U 21025K   22320.75751649 -.00000289  00000+0 -82516-3 0  9996
2 48051  87.9052 220.1702 0001599  74.6083 285.5222 13.13468581 81833
ONEWEB-0156             
1 48052U 21025L   22320.76810213 -.00000213  00000+0 -61711-3 0  9992
2 48052  87.9060 220.1877 0001616  74.0566 286.0741 13.13471446 81810
ONEWEB-0161             
1 48053U 21025M   22320.74059046 -.00000059  00000+0 -19676-3 0  9991
2 48053  87.9062 220.1751 0001813  79.4868 280.6465 13.13471134 81746
ONEWEB-0158             
1 48054U 21025N   22320.78078868  .00000186  00000+0  47330-3 0  9996
2 48054  87.9057 220.1929 0001249  79.8802 280.2468 13.13472968 81872
ONEWEB-0157             
1 48055U 21025P   22320.80406832  .00000254  00000+0  65934-3 0  9992
2 48055  87.9084 220.1384 0001942  71.7021 288.4319 13.13472252 81817
ONEWEB-0162             
1 48056U 21025Q   22320.76598441 -.00000106  00000+0 -32562-3 0  9995
2 48056  87.9053 220.1684 0001643  72.4407 287.6902 13.13471525 81788
ONEWEB-0155             
1 48057U 21025R   22320.78712027  .00000264  00000+0  68670-3 0  9998
2 48057  87.9137 220.1278 0001697  76.6500 283.4819 13.13473411 81923
ONEWEB-0149             
1 48058U 21025S   22320.80828881  .00000133  00000+0  32903-3 0  9993
2 48058  87.9055 220.1613 0001694  57.3247 302.8046 13.13472268 81733
ONEWEB-0148             
1 48059U 21025T   22320.77230731 -.00000332  00000+0 -94459-3 0  9998
2 48059  87.9055 220.1725 0002186  52.9774 307.1554 13.13471247 81852
ONEWEB-0160             
1 48060U 21025U   22320.78923427  .00000341  00000+0  89934-3 0  9992
2 48060  87.9056 220.1680 0000539 109.1790 250.9398 13.13473300 81806
ONEWEB-0163             
1 48061U 21025V   22320.77445178  .00000042  00000+0  79787-4 0  9998
2 48061  87.8990 220.2000 0002136  74.8322 285.3043 13.13470720 81929
ONEWEB-0159             
1 48062U 21025W   22320.76385627 -.00000288  00000+0 -82430-3 0  9992
2 48062  87.9061 220.1761 0002112  68.3024 291.8330 13.13472234 81848
ONEWEB-0164             
1 48063U 21025X   22320.74480422 -.00000673  00000+0 -18784-2 0  9998
2 48063  87.8970 220.2161 0001666  87.0426 273.0894 13.13469036 81820
ONEWEB-0167             
1 48064U 21025Y   22320.77662333 -.00001123  00000+0 -31104-2 0  9997
2 48064  87.9082 220.1451 0002115  71.0481 289.0877 13.13476097 81813
ONEWEB-0166             
1 48065U 21025Z   22321.10242960  .00000378  00000+0  99925-3 0  9991
2 48065  87.9054 220.1028 0001808  67.0866 293.0454 13.13467808 81932
ONEWEB-0151             
1 48066U 21025AA  22321.10454567  .00000287  00000+0  75022-3 0  9991
2 48066  87.9055 220.1022 0001640  87.3372 272.7945 13.13471822 81883
ONEWEB-0170             
1 48067U 21025AB  22321.11088554  .00000216  00000+0  55706-3 0  9991
2 48067  87.8995 220.1444 0001372 107.8398 252.2881 13.13467208 81832
ONEWEB-0168             
1 48068U 21025AC  22320.79137137  .00000296  00000+0  77687-3 0  9997
2 48068  87.9059 220.1946 0001748  72.3799 287.7521 13.13467888 81805
ONEWEB-0173             
1 48069U 21025AD  22320.78502221  .00000286  00000+0  74889-3 0  9997
2 48069  87.9060 220.2071 0002186  84.6057 275.5322 13.13472434 82042
ONEWEB-0171             
1 48070U 21025AE  22320.74268488 -.00000216  00000+0 -62685-3 0  9995
2 48070  87.9063 220.1739 0001844  69.9638 290.1690 13.13472354 81858
ONEWEB-0172             
1 48071U 21025AF  22321.10558793  .00000300  00000+0  78575-3 0  9995
2 48071  87.9018 220.1329 0001879  84.8817 275.2526 13.13472449 82798
ONEWEB-0174             
1 48072U 21025AG  22320.78291302  .00000193  00000+0  49333-3 0  9999
2 48072  87.9047 220.1845 0001889  51.1071 309.0226 13.13472787 82073
ONEWEB-0175             
1 48073U 21025AH  22320.73424196  .00000069  00000+0  15415-3 0  9990
2 48073  87.9125 220.1639 0001605  96.4780 263.6532 13.13468696 81727
ONEWEB-0177             
1 48074U 21025AJ  22320.74693789 -.00000174  00000+0 -51130-3 0  9991
2 48074  87.9012 220.2038 0002373  76.0452 284.0941 13.13470459 81912
ONEWEB-0178             
1 48075U 21025AK  22320.99344476 -.00000238  00000+0 -68534-3 0  9992
2 48075  87.9056 220.1253 0001952  73.1335 287.0008 13.13472493 81994
ONEWEB-0108             
1 48076U 21025AL  22321.10667576  .00000385  00000+0  10196-2 0  9997
2 48076  87.9055 220.1015 0001459  68.2715 291.8569 13.13469352 81949
ONEWEB-0169             
1 48077U 21025AM  22320.75538028 -.00000364  00000+0 -10319-2 0  9993
2 48077  87.8987 220.2063 0001549  59.9135 300.2148 13.13467522 80540
ONEWEB-0176             
1 48210U 21031A   22320.71348973  .00000209  00000+0  52824-3 0  9997
2 48210  87.9018 189.8876 0001755  78.8656 281.2671 13.14504057 76410
ONEWEB-0184             
1 48211U 21031B   22320.68811166  .00000012  00000+0 -31013-5 0  9995
2 48211  87.9113 189.8501 0002076 118.3829 241.7510 13.14503504 76386
ONEWEB-0179             
1 48212U 21031C   22320.65640067 -.00000114  00000+0 -34083-3 0  9995
2 48212  87.9113 189.8563 0001938  76.4867 283.6478 13.14501380 76420
ONEWEB-0180             
1 48213U 21031D   22320.69021970  .00000042  00000+0  79722-4 0  9994
2 48213  87.9113 189.8452 0001813  74.6934 285.4396 13.14505928 76314
ONEWEB-0218             
1 48214U 21031E   22320.71138452  .00000354  00000+0  91983-3 0  9990
2 48214  87.9112 189.8529 0002539 108.7952 251.3453 13.14504236 76478
ONEWEB-0209             
1 48215U 21031F   22320.70080412  .00000195  00000+0  49247-3 0  9991
2 48215  87.9115 189.8833 0001773  77.4547 282.6781 13.14501656 76475
ONEWEB-0198             
1 48216U 21031G   22320.68600550 -.00000021  00000+0 -91929-4 0  9995
2 48216  87.9113 189.8983 0002170  90.5802 269.5576 13.14504741 76588
ONEWEB-0189             
1 48217U 21031H   22320.69868742  .00000164  00000+0  40689-3 0  9998
2 48217  87.9109 189.8841 0002190  86.8927 273.2453 13.14505501 76328
ONEWEB-0196             
1 48218U 21031J   22320.67755175 -.00000194  00000+0 -55667-3 0  9999
2 48218  87.9116 189.8705 0001659  85.7025 274.4294 13.14502110 76321
ONEWEB-0183             
1 48219U 21031K   22320.72615258  .00000085  00000+0  19375-3 0  9996
2 48219  87.9116 189.8806 0001673  73.7111 286.4202 13.14506301 76422
ONEWEB-0185             
1 48220U 21031L   22320.67860359 -.00000171  00000+0 -49545-3 0  9996
2 48220  87.9112 189.8675 0001745  75.4416 284.6907 13.14505249 76344
ONEWEB-0187             
1 48221U 21031M   22320.65323422 -.00000032  00000+0 -11987-3 0  9995
2 48221  87.9117 189.8962 0001808  75.2644 284.8686 13.14500677 76357
ONEWEB-0192             
1 48222U 21031N   22320.70292404 -.00000115  00000+0 -34407-3 0  9991
2 48222  87.9115 189.8334 0001837  86.3056 273.8283 13.14505827 76275
ONEWEB-0219             
1 48223U 21031P   22320.68389483 -.00000102  00000+0 -30903-3 0  9996
2 48223  87.9109 189.8760 0001756  74.6235 285.5089 13.14503624 76470
ONEWEB-0202             
1 48224U 21031Q   22320.66272949 -.00000169  00000+0 -48912-3 0  9995
2 48224  87.9113 189.8965 0002600  99.9190 260.2234 13.14504248 76455
ONEWEB-0204             
1 48225U 21031R   22321.02747024  .00000128  00000+0  31132-3 0  9997
2 48225  87.9113 189.8505 0001021  60.9653 299.1579 13.14505571 76402
ONEWEB-0205             
1 48226U 21031S   22320.67332334 -.00000207  00000+0 -59186-3 0  9991
2 48226  87.9115 189.8734 0002016  83.9633 276.1726 13.14502664 76361
ONEWEB-0206             
1 48227U 21031T   22321.02641007  .00000113  00000+0  27011-3 0  9998
2 48227  87.9114 189.7904 0001784  70.0445 290.0876 13.14499882 76377
ONEWEB-0182             
1 48228U 21031U   22320.71559662  .00000944  00000+0  25110-2 0  9998
2 48228  87.9114 189.9253 0001677  73.8187 286.3127 13.14496210 76539
ONEWEB-0186             
1 48229U 21031V   22320.65218043  .00000159  00000+0  39436-3 0  9992
2 48229  87.9115 189.8500 0001843  80.6262 279.5076 13.14502529 76471
ONEWEB-0181             
1 48230U 21031W   22321.08561021  .00000234  00000+0  59574-3 0  9998
2 48230  87.9114 189.8327 0001696  84.4920 275.6403 13.14505657 76395
ONEWEB-0188             
1 48231U 21031X   22320.66908422 -.00000244  00000+0 -69264-3 0  9992
2 48231  87.9115 189.9164 0001800  76.5406 283.5924 13.14505232 76233
ONEWEB-0220             
1 48232U 21031Y   22320.63103575  .00000415  00000+0  10850-2 0  9990
2 48232  87.9120 189.8813 0002010  73.0758 287.0592 13.14502868 76496
ONEWEB-0165             
1 48233U 21031Z   22321.11732383 -.00000021  00000+0 -91487-4 0  9992
2 48233  87.9115 189.8094 0001893  79.5403 280.5940 13.14499797 76512
ONEWEB-0199             
1 48234U 21031AA  22321.10042444  .00000221  00000+0  56282-3 0  9997
2 48234  87.9112 189.7888 0001767  79.1882 280.9446 13.14502474 76418
ONEWEB-0203             
1 48235U 21031AB  22321.08985045  .00000341  00000+0  88559-3 0  9993
2 48235  87.9114 189.7864 0001442  98.9572 261.1721 13.14503093 76426
ONEWEB-0197             
1 48236U 21031AC  22320.69656869  .00000144  00000+0  35309-3 0  9995
2 48236  87.9115 189.8735 0001710  81.9556 278.1768 13.14504640 76280
ONEWEB-0194             
1 48237U 21031AD  22321.04544152 -.00000143  00000+0 -42114-3 0  9990
2 48237  87.9115 189.7943 0001196  95.1816 264.9450 13.14504797 76504
ONEWEB-0193             
1 48238U 21031AE  22320.68177264 -.00000234  00000+0 -66482-3 0  9991
2 48238  87.9112 189.8772 0001713  89.1075 271.0251 13.14504650 76403
ONEWEB-0191             
1 48239U 21031AF  22320.69233760  .00000088  00000+0  20308-3 0  9999
2 48239  87.9111 189.8568 0001512  86.5089 273.6214 13.14502048 76269
ONEWEB-0195             
1 48240U 21031AG  22320.67014196 -.00000171  00000+0 -49527-3 0  9998
2 48240  87.9118 189.8541 0002070  89.1367 270.9999 13.14505365 76240
ONEWEB-0201             
1 48241U 21031AH  22321.04651576 -.00000175  00000+0 -50622-3 0  9992
2 48241  87.9115 189.8222 0001658  78.3910 281.7406 13.14501913 76528
ONEWEB-0207             
1 48242U 21031AJ  22320.71667463  .00000257  00000+0  65951-3 0  9998
2 48242  87.9115 189.8537 0001670  69.6051 290.5258 13.14501585 76394
ONEWEB-0208             
1 48243U 21031AK  22321.07505413  .00000061  00000+0  13068-3 0  9990
2 48243  87.9111 189.8080 0001949  86.2113 273.9239 13.14504177 76458
ONEWEB-0200             
1 48244U 21031AL  22320.73464275 -.00000089  00000+0 -27579-3 0  9997
2 48244  87.9109 189.8708 0001995  86.1236 274.0122 13.14501013 76335
ONEWEB-0217             
1 48245U 21031AM  22321.05601676 -.00000193  00000+0 -55418-3 0  9991
2 48245  87.9114 189.7777 0002059  88.3948 271.7418 13.14504380 76335
ONEWEB-0211             
1 48767U 21045A   22321.06189415 -.00000009  00000+0 -56869-4 0  9996
2 48767  87.8978 159.5713 0001686  98.9831 261.1490 13.15549794 73552
ONEWEB-0223             
1 48768U 21045B   22320.85483955  .00000195  00000+0  48389-3 0  9990
2 48768  87.8986 159.6231 0001673 104.7215 255.4100 13.15546135 72386
ONEWEB-0230             
1 48769U 21045C   22320.82736862 -.00000117  00000+0 -34510-3 0  9993
2 48769  87.8984 159.6416 0001483  89.6810 270.4490 13.15543549 72645
ONEWEB-0237             
1 48770U 21045D   22320.81681777 -.00000131  00000+0 -38215-3 0  9990
2 48770  87.9193 159.5674 0001356 111.1761 248.9514 13.15548080 72361
ONEWEB-0235             
1 48771U 21045E   22320.78934474  .00000115  00000+0  27241-3 0  9999
2 48771  87.9112 159.6234 0001377 128.2485 231.8769 13.15547856 72353
ONEWEB-0242             
1 48772U 21045F   22321.01119089  .00000449  00000+0  11593-2 0  9996
2 48772  87.9061 159.5803 0001282  94.3115 265.8162 13.15549055 73556
ONEWEB-0241             
1 48773U 21045G   22320.84638672  .00000059  00000+0  12226-3 0  9993
2 48773  87.9051 159.5794 0001907 102.4073 257.7270 13.15550917 72315
ONEWEB-0243             
1 48774U 21045H   22320.80201981 -.00000034  00000+0 -12468-3 0  9992
2 48774  87.8989 159.6150 0001194 110.8657 249.2601 13.15548886 72339
ONEWEB-0222             
1 48775U 21045J   22320.79146808  .00000059  00000+0  12287-3 0  9991
2 48775  87.9008 159.6492 0001714  99.4813 260.6511 13.15548054 72374
ONEWEB-0244             
1 48776U 21045K   22320.96541264  .00000322  00000+0  81273-3 0  9990
2 48776  87.9087 159.5304 0000666 112.9555 247.1646 13.16192796 74080
ONEWEB-0247             
1 48777U 21045L   22321.03652555 -.00000041  00000+0 -14273-3 0  9992
2 48777  87.9062 159.5299 0001455 118.5487 241.5790 13.15552015 73541
ONEWEB-0245             
1 48778U 21045M   22320.80413967 -.00000115  00000+0 -33834-3 0  9995
2 48778  87.9116 159.6394 0001925  95.3081 264.8269 13.15550353 72353
ONEWEB-0229             
1 48779U 21045N   22320.79779976  .00000123  00000+0  29392-3 0  9990
2 48779  87.9113 159.6277 0001655 103.1476 256.9839 13.15549960 72387
ONEWEB-0228             
1 48780U 21045P   22320.81257852 -.00000424  00000+0 -11611-2 0  9999
2 48780  87.9090 159.6150 0001375  92.5614 267.5673 13.15548603 72306
ONEWEB-0232             
1 48781U 21045Q   22320.80626074 -.00000110  00000+0 -32654-3 0  9998
2 48781  87.8996 159.6506 0001859  84.4157 275.7185 13.15542381 72626
ONEWEB-0231             
1 48782U 21045R   22320.78511599  .00000109  00000+0  25665-3 0  9991
2 48782  87.9091 159.5602 0001399 104.6624 255.4662 13.15545870 72310
ONEWEB-0234             
1 48783U 21045S   22320.81047946 -.00000115  00000+0 -33920-3 0  9998
2 48783  87.9062 159.6210 0002027  86.0899 274.0463 13.15548920 72451
ONEWEB-0238             
1 48784U 21045T   22320.82210907 -.00000095  00000+0 -28564-3 0  9994
2 48784  87.8998 159.6390 0001832  85.5681 274.5658 13.15547572 72356
ONEWEB-0240             
1 48785U 21045U   22320.84428399  .00000048  00000+0  93219-4 0  9999
2 48785  87.9057 159.5998 0001966 106.0547 254.0800 13.15547692 72383
ONEWEB-0246             
1 48786U 21045V   22320.84005896  .00000034  00000+0  56841-4 0  9998
2 48786  87.9051 159.5993 0001376 104.6540 255.4743 13.15548724 72259
ONEWEB-0210             
1 48787U 21045W   22320.81469632 -.00000098  00000+0 -29308-3 0  9997
2 48787  87.9059 159.6153 0000868 118.3990 241.7228 13.15548157 72293
ONEWEB-0214             
1 48788U 21045X   22320.82526355 -.00000131  00000+0 -38318-3 0  9994
2 48788  87.8991 159.6133 0000595 111.3542 248.7651 13.15550330 72269
ONEWEB-0221             
1 48789U 21045Y   22321.05977036 -.00000037  00000+0 -13293-3 0  9997
2 48789  87.9051 159.5750 0001536  99.3235 260.8069 13.15548883 73520
ONEWEB-0213             
1 48790U 21045Z   22320.81892473 -.00000106  00000+0 -31474-3 0  9991
2 48790  87.8998 159.6381 0001360 105.2614 254.8667 13.15547880 72415
ONEWEB-0212             
1 48791U 21045AA  22320.79992589  .00000121  00000+0  28818-3 0  9991
2 48791  87.9013 159.6703 0001696  77.9918 282.1402 13.15549019 72403
ONEWEB-0227             
1 48792U 21045AB  22320.79357640 -.00000010  00000+0 -60228-4 0  9996
2 48792  87.9013 159.6853 0001661  93.9321 266.1999 13.15548476 72351
ONEWEB-0226             
1 48793U 21045AC  22320.78721589  .00000127  00000+0  30377-3 0  9991
2 48793  87.8986 159.6500 0001105 119.7655 240.3585 13.15550802 72327
ONEWEB-0224             
1 48794U 21045AD  22320.82948475 -.00000060  00000+0 -19391-3 0  9993
2 48794  87.9047 159.5874 0001978  83.4262 276.7093 13.15550434 72259
ONEWEB-0233             
1 48795U 21045AE  22320.83092813 -.00000072  00000+0 -22283-3 0  9998
2 48795  87.9117 159.6521 0001856  96.0553 264.0789 13.16196287 72262
ONEWEB-0190             
1 48796U 21045AF  22320.82104218 -.00000083  00000+0 -25330-3 0  9999
2 48796  87.9007 159.6481 0001630 136.2318 223.8942 13.15550274 72344
ONEWEB-0236             
1 48797U 21045AG  22320.83794138  .00000055  00000+0  11154-3 0  9993
2 48797  87.8997 159.6138 0001514  90.3110 269.8194 13.15549358 72230
ONEWEB-0248             
1 48798U 21045AH  22320.85061147  .00000187  00000+0  46206-3 0  9995
2 48798  87.9057 159.6135 0002186 111.9571 248.1791 13.15548198 72394
ONEWEB-0225             
1 48799U 21045AJ  22320.79568605  .00000019  00000+0  17416-4 0  9996
2 48799  87.9006 159.6587 0001705 113.8990 246.2319 13.15548896 72392
ONEWEB-0215             
1 48800U 21045AK  22320.84215938  .00000064  00000+0  13479-3 0  9997
2 48800  87.9051 159.6066 0002004 122.6240 237.5084 13.15551113 72271
ONEWEB-0216             
1 48801U 21045AL  22320.85273509  .00000198  00000+0  49278-3 0  9991
2 48801  87.8997 159.6489 0001148  87.4502 272.6760 13.15548809 72286
ONEWEB-0239             
1 48802U 21045AM  22320.85695609  .00000096  00000+0  22033-3 0  9998
2 48802  87.9000 159.6538 0002093 118.8092 241.3249 13.15549712 72325
ONEWEB-0249             
1 48967U 21060A   22320.99243910  .00000109  00000+0  25142-3 0  9995
2 48967  87.9028 129.2792 0001531  88.6468 271.4839 13.16592915 68765
ONEWEB-0250             
1 48968U 21060B   22320.76867162  .00000135  00000+0  31944-3 0  9998
2 48968  87.9029 129.3290 0001749 104.7790 255.3535 13.16595595 67423
ONEWEB-0252             
1 48970U 21060D   22320.72012003  .00000028  00000+0  40333-4 0  9997
2 48970  87.9040 129.3224 0001441  98.7564 261.3730 13.16593241 67482
ONEWEB-0253             
1 48971U 21060E   22321.01355677  .00000092  00000+0  20573-3 0  9992
2 48971  87.9016 129.2719 0001516 110.4380 249.6914 13.16593270 68739
ONEWEB-0254             
1 48972U 21060F   22321.02199172  .00000044  00000+0  80809-4 0  9996
2 48972  87.9040 129.2498 0001535 108.8404 251.2893 13.16592957 68736
ONEWEB-0255             
1 48973U 21060G   22320.75601347  .00000105  00000+0  24188-3 0  9993
2 48973  87.9027 129.3736 0001560  94.7217 265.4092 13.16593512 67499
ONEWEB-0256             
1 48974U 21060H   22320.70534857  .00000037  00000+0  63869-4 0  9994
2 48974  87.9015 129.3261 0001188  80.2712 279.8553 13.16593555 67450
ONEWEB-0257             
1 48975U 21060J   22320.73911871  .00000040  00000+0  71425-4 0  9994
2 48975  87.9022 129.3659 0001288  96.9954 263.1323 13.16593051 67411
ONEWEB-0258             
1 48976U 21060K   22320.74123723  .00000068  00000+0  14380-3 0  9993
2 48976  87.9028 129.3733 0001649  96.9318 263.2001 13.16595329 67421
ONEWEB-0259             
1 48977U 21060L   22320.73490416  .00000004  00000+0 -22446-4 0  9993
2 48977  87.9030 129.3531 0001810 102.3840 257.7494 13.16593760 67457
ONEWEB-0260             
1 48978U 21060M   22320.72855022  .00000008  00000+0 -12052-4 0  9997
2 48978  87.9017 129.3386 0000636  86.7209 273.3995 13.16592020 67436
ONEWEB-0261             
1 48979U 21060N   22320.77076394  .00000122  00000+0  28590-3 0  9999
2 48979  87.9022 129.3410 0001258 106.5104 253.6165 13.16596505 67495
ONEWEB-0262             
1 48980U 21060P   22320.44779011  .00000000  00000+0 -33352-4 0  9990
2 48980  87.9038 129.3759 0002004 110.9426 249.1919 13.16593407 67413
ONEWEB-0263             
1 48981U 21060Q   22320.70745224  .00000056  00000+0  11388-3 0  9993
2 48981  87.9044 129.3268 0001680 117.5607 242.5695 13.16594846 67415
ONEWEB-0264             
1 48982U 21060R   22320.44037560 -.00000005  00000+0 -46381-4 0  9990
2 48982  87.9054 129.3511 0001520  96.0254 264.1050 13.16596043 67382
ONEWEB-0266             
1 48984U 21060T   22320.76656250  .00000132  00000+0  31295-3 0  9996
2 48984  87.9037 129.3226 0001665  90.1162 270.0159 13.16594402 67418
ONEWEB-0267             
1 48985U 21060U   22320.77711305  .00000118  00000+0  27412-3 0  9991
2 48985  87.9039 129.3180 0001212 114.3951 245.7307 13.16593595 67420
ONEWEB-0268             
1 48986U 21060V   22320.97344531  .00000008  00000+0 -12844-4 0  9990
2 48986  87.9038 129.2836 0001524  91.0268 269.1038 13.16597796 69009
ONEWEB-0269             
1 48987U 21060W   22320.72644994 -.00000020  00000+0 -87072-4 0  9990
2 48987  87.9026 129.3450 0001417  88.8125 271.3168 13.16595816 67454
ONEWEB-0270             
1 48988U 21060X   22320.74333001  .00000097  00000+0  22061-3 0  9995
2 48988  87.9040 129.3388 0001733  96.9905 263.1423 13.16596493 67497
ONEWEB-0271             
1 48989U 21060Y   22320.95864754 -.00000015  00000+0 -73666-4 0  9993
2 48989  87.9039 129.2724 0001433 114.7305 245.3975 13.16592167 68814
ONEWEB-0272             
1 48990U 21060Z   22320.75389014  .00000012  00000+0 -22186-5 0  9992
2 48990  87.9030 129.3212 0001274 106.8672 253.2598 13.16595050 67443
ONEWEB-0273             
1 48991U 21060AA  22320.77499473  .00000153  00000+0  36617-3 0  9993
2 48991  87.9037 129.3273 0001560 102.0116 258.1190 13.16596497 67423
ONEWEB-0274             
1 48992U 21060AB  22320.95234155 -.00000010  00000+0 -60114-4 0  9992
2 48992  87.9041 129.2880 0001477 108.5574 251.5717 13.16593225 68786
ONEWEB-0275             
1 48993U 21060AC  22320.71378587  .00000107  00000+0  24721-3 0  9993
2 48993  87.9042 129.3365 0001566  94.5037 265.6273 13.16596299 67386
ONEWEB-0276             
1 48994U 21060AD  22320.44358120  .00000023  00000+0  26287-4 0  9992
2 48994  87.9017 129.4170 0001571 108.8462 251.2839 13.16595763 67363
ONEWEB-0277             
1 48995U 21060AE  22320.76023219  .00000148  00000+0  35328-3 0  9999
2 48995  87.9018 129.3555 0001414 118.1724 241.9550 13.16594505 67394
ONEWEB-0278             
1 48996U 21060AF  22320.44569069  .00000042  00000+0  75173-4 0  9999
2 48996  87.9038 129.3806 0001515  99.0737 261.0565 13.16593860 67481
ONEWEB-0279             
1 48997U 21060AG  22320.75812113  .00000043  00000+0  77733-4 0  9990
2 48997  87.9034 129.3239 0001467  93.6172 266.5126 13.16595416 67456
ONEWEB-0280             
1 48998U 21060AH  22320.77287708  .00000116  00000+0  27054-3 0  9990
2 48998  87.9030 129.3346 0001426 130.1542 229.9714 13.16595764 67390
ONEWEB-0281             
1 48999U 21060AJ  22320.77922914  .00000052  00000+0  10340-3 0  9995
2 48999  87.9038 129.3157 0001234  81.1229 279.0041 13.16594616 67465
ONEWEB-0282             
1 49000U 21060AK  22320.73277668  .00000024  00000+0  29468-4 0  9995
2 49000  87.9021 129.3441 0001619 107.0887 253.0421 13.16596234 67431
ONEWEB-0283             
1 49001U 21060AL  22321.02622249  .00000039  00000+0  67857-4 0  9998
2 49001  87.9017 129.2745 0001415 107.6747 252.4539 13.16595795 68804
ONEWEB-0284             
1 49002U 21060AM  22320.71590296  .00000081  00000+0  17764-3 0  9998
2 49002  87.9035 129.3764 0001735 104.6064 255.5259 13.16592001 67428
ONEWEB-0285             
1 49075U 21075A   22320.83367394 -.00000383  00000+0 -11012-2 0  9994
2 49075  87.8906 250.5805 0001724  82.6477 277.4848 13.12442025 63595
ONEWEB-0286             
1 49076U 21075B   22320.80194823  .00000444  00000+0  11993-2 0  9991
2 49076  87.8931 250.5766 0001813  57.5651 302.5652 13.12442917 62945
ONEWEB-0287             
1 49077U 21075C   22320.79542175  .00000055  00000+0  10926-3 0  9991
2 49077  87.9084 265.8436 0002271  81.7992 278.3397 13.17649453 62298
ONEWEB-0288             
1 49078U 21075D   22320.78710485  .00000226  00000+0  59311-3 0  9993
2 49078  87.8934 250.5778 0001963  70.2119 289.9221 13.12441311 64556
ONEWEB-0289             
1 49079U 21075E   22320.58620096 -.00000009  00000+0 -55087-4 0  9998
2 49079  87.9082 265.8561 0001826  74.7642 285.3691 13.17654395 61875
ONEWEB-0290             
1 49080U 21075F   22320.80160794  .00000338  00000+0  83765-3 0  9995
2 49080  87.9085 265.8370 0002412  81.3307 278.8098 13.17647532 61314
ONEWEB-0291             
1 49081U 21075G   22321.09451430 -.00000024  00000+0 -96216-4 0  9998
2 49081  87.9086 265.7662 0002177  77.9731 282.1645 13.17647253 62338
ONEWEB-0293             
1 49082U 21075H   22320.80782907 -.00000039  00000+0 -13386-3 0  9995
2 49082  87.9083 265.8088 0002204  83.4375 276.7008 13.17649895 61331
ONEWEB-0294             
1 49083U 21075J   22320.79240315  .00000359  00000+0  96291-3 0  9995
2 49083  87.8930 250.5810 0002069  87.4939 272.6427 13.12443549 62957
ONEWEB-0295             
1 49084U 21075K   22320.80937593 -.00000013  00000+0 -66568-4 0  9993
2 49084  87.9081 265.7670 0002551  73.7963 286.3449 13.17647998 61290
ONEWEB-0296             
1 49085U 21075L   22320.77652793 -.00000139  00000+0 -42298-3 0  9998
2 49085  87.8932 250.5800 0002873  68.1169 292.0265 13.12445332 62952
ONEWEB-0297             
1 49086U 21075M   22320.80617784  .00000362  00000+0  97079-3 0  9997
2 49086  87.8896 250.5822 0001473  65.3246 294.8036 13.12442609 63564
ONEWEB-0298             
1 49087U 21075N   22320.81091156 -.00000001  00000+0 -36033-4 0  9994
2 49087  87.9080 265.7915 0001935  64.6318 295.5014 13.17646508 61322
ONEWEB-0299             
1 49088U 21075P   22320.58466197 -.00000026  00000+0 -99822-4 0  9992
2 49088  87.9134 265.8111 0002032  72.2942 287.8411 13.17648793 61276
ONEWEB-0300             
1 49089U 21075Q   22320.79771985  .00000445  00000+0  12016-2 0  9991
2 49089  87.8934 250.5713 0001631  67.3180 292.8120 13.12440912 63583
ONEWEB-0301             
1 49090U 21075R   22321.08778281  .00000027  00000+0  38583-4 0  9997
2 49090  87.8932 250.5232 0001478  77.4596 282.6698 13.12445659 63974
ONEWEB-0302             
1 49091U 21075S   22321.07615101 -.00000381  00000+0 -10945-2 0  9993
2 49091  87.8934 250.5272 0002054  73.1444 286.9910 13.12446974 63961
ONEWEB-0304             
1 49092U 21075T   22320.79696180  .00000059  00000+0  11888-3 0  9996
2 49092  87.9084 265.8017 0001879  78.1856 281.9486 13.17649812 61277
ONEWEB-0305             
1 49093U 21075U   22321.09296840  .00000048  00000+0  91006-4 0  9999
2 49093  87.9086 265.7848 0002187  67.9224 292.2139 13.17649075 62316
ONEWEB-0308             
1 49094U 21075V   22320.84216954 -.00000446  00000+0 -12749-2 0  9999
2 49094  87.8932 250.5689 0001704  75.1064 285.0253 13.12442945 62946
ONEWEB-0309             
1 49095U 21075W   22320.79386916 -.00000009  00000+0 -57644-4 0  9990
2 49095  87.9081 265.8510 0002341  91.0054 269.1345 13.17650904 61270
ONEWEB-0310             
1 49096U 21075X   22320.77763257 -.00000061  00000+0 -20443-3 0  9990
2 49096  87.8898 250.6102 0002064  81.5171 278.6191 13.12443392 63565
ONEWEB-0311             
1 49097U 21075Y   22321.10226860 -.00000008  00000+0 -55036-4 0  9991
2 49097  87.9080 265.7906 0001992  66.1311 294.0029 13.17649578 62361
ONEWEB-0312             
1 49098U 21075Z   22321.11001246  .00000030  00000+0  43402-4 0  9999
2 49098  87.9085 265.7533 0002244  77.9812 282.1571 13.17648203 62320
ONEWEB-0313             
1 49099U 21075AA  22320.79230578  .00000126  00000+0  29093-3 0  9990
2 49099  87.9077 265.8482 0002363  77.4932 282.6464 13.17646374 61294
ONEWEB-0314             
1 49100U 21075AB  22320.78767101  .00000045  00000+0  83494-4 0  9995
2 49100  87.9081 265.8515 0002339  76.3213 283.8179 13.17651192 61269
ONEWEB-0315             
1 49101U 21075AC  22320.82521598 -.00000259  00000+0 -75632-3 0  9992
2 49101  87.8932 250.5670 0001824  69.8116 290.3208 13.12444366 63552
ONEWEB-0316             
1 49102U 21075AD  22320.81681060  .00000077  00000+0  16189-3 0  9991
2 49102  87.9212 235.3923 0001911  60.1620 299.9702 13.18682890 64779
ONEWEB-0317             
1 49103U 21075AE  22320.82097607 -.00000021  00000+0 -93303-4 0  9996
2 49103  87.8932 250.5718 0002027  81.2048 278.9310 13.12442806 63570
ONEWEB-0318             
1 49104U 21075AF  22320.73941228  .00000016  00000+0  78847-5 0  9993
2 49104  87.9216 235.3927 0001881  60.2127 299.9192 13.18684521 64729
ONEWEB-0319             
1 49105U 21075AG  22320.80006382 -.00000177  00000+0 -48860-3 0  9995
2 49105  87.9083 265.8128 0002092  55.1652 304.9676 13.17648383 61304
ONEWEB-0323             
1 49106U 21075AH  22320.81146431  .00000297  00000+0  79065-3 0  9999
2 49106  87.8930 250.5698 0001886  67.6703 292.4625 13.12442985 62933
ONEWEB-0329             
1 49107U 21075AJ  22320.80316800  .00000044  00000+0  78945-4 0  9995
2 49107  87.9083 265.8107 0002127  74.3205 285.8161 13.17648843 61283
ONEWEB-0330             
1 49108U 21075AK  22320.80470592 -.00000321  00000+0 -86012-3 0  9998
2 49108  87.9085 265.8295 0002158  81.8279 278.3097 13.17653126 61322
ONEWEB-0292             
1 49186U 21083A   22320.73744355 -.00000046  00000+0 -15999-3 0  9996
2 49186  87.9060 220.1841 0001518  70.6219 289.5074 13.13468344 59161
ONEWEB-0303             
1 49187U 21083B   22320.73628987  .00000021  00000+0  20456-4 0  9995
2 49187  87.9215 235.3958 0001984  68.5185 291.6158 13.18687391 57532
ONEWEB-0306             
1 49188U 21083C   22320.80597719  .00000055  00000+0  10785-3 0  9992
2 49188  87.9213 235.3747 0001780  55.7051 304.4249 13.18685778 57587
ONEWEB-0307             
1 49189U 21083D   22320.80936726  .00000060  00000+0  12967-3 0  9998
2 49189  87.9060 220.1698 0001684  72.5533 287.5780 13.13468194 59174
ONEWEB-0320             
1 49190U 21083E   22320.81062505  .00000058  00000+0  11563-3 0  9994
2 49190  87.9215 235.3906 0001866  81.2129 278.9214 13.18686390 57548
ONEWEB-0321             
1 49191U 21083F   22321.25001157 -.01437105  00000+0 -36408+0 0  9991
2 49191  87.3761 176.7631 0001768 111.4142 339.6823 14.54304760 65172
ONEWEB-0322             
1 49192U 21083G   22320.80512332  .00000222  00000+0  57244-3 0  9992
2 49192  87.9061 220.1558 0001800  86.9216 273.2119 13.13473299 59160
ONEWEB-0324             
1 49193U 21083H   22321.02740377 -.00000040  00000+0 -13327-3 0  9994
2 49193  87.9214 235.3342 0002055  60.7242 299.4095 13.18687740 58875
ONEWEB-0325             
1 49194U 21083J   22320.80287186  .00000085  00000+0  18165-3 0  9996
2 49194  87.9193 235.3050 0002063  86.3488 273.7880 13.18688889 57571
ONEWEB-0326             
1 49195U 21083K   22320.73781639 -.00000481  00000+0 -12521-2 0  9992
2 49195  87.9214 235.3745 0002221  56.3821 303.7523 13.18684587 57558
ONEWEB-0327             
1 49196U 21083L   22320.79827950  .00000071  00000+0  14787-3 0  9996
2 49196  87.9215 235.3441 0002062  58.9751 301.1583 13.18679243 58862
ONEWEB-0328             
1 49197U 21083M   22320.79560153  .00000318  00000+0  83617-3 0  9998
2 49197  87.9059 220.1674 0001834  72.0017 288.1312 13.13468105 59141
ONEWEB-0331             
1 49198U 21083N   22320.80906272  .00000001  00000+0 -31048-4 0  9999
2 49198  87.9213 235.3843 0001962  65.0392 295.0944 13.18688044 57574
ONEWEB-0333             
1 49199U 21083P   22321.01883953  .00000774  00000+0  20822-2 0  9996
2 49199  87.9022 220.1260 0001688 101.5120 258.6199 13.13500059 60472
ONEWEB-0334             
1 49200U 21083Q   22320.91675926 -.01346344  00000+0 -36936+0 0  9995
2 49200  87.3931 176.6939 0004367 105.6602  77.2485 14.50903468  1306
ONEWEB-0335             
1 49201U 21083R   22320.78606639  .00000321  00000+0  84480-3 0  9996
2 49201  87.9057 220.1623 0001959  72.2008 287.9335 13.13477670 59160
ONEWEB-0336             
1 49202U 21083S   22320.75434085 -.00000335  00000+0 -95346-3 0  9998
2 49202  87.9057 220.1694 0001534  79.4367 280.6935 13.13470744 59155
ONEWEB-0337             
1 49203U 21083T   22320.77764076  .00000103  00000+0  24786-3 0  9998
2 49203  87.9058 220.1667 0001857  73.9653 286.1681 13.13469216 59153
ONEWEB-0338             
1 49204U 21083U   22320.91675926 -.01276871  00000+0 -30855+0 0  9990
2 49204  87.3569 176.9305 0003494 132.3699  77.3970 14.56632286  1303
ONEWEB-0339             
1 49205U 21083V   22320.77649595  .00000070  00000+0  15611-3 0  9998
2 49205  87.9056 220.1670 0001929  87.1791 272.9559 13.13467445 59134
ONEWEB-0340             
1 49206U 21083W   22320.79815356  .00000062  00000+0  12386-3 0  9998
2 49206  87.9216 235.3776 0001873  73.6855 286.4483 13.18683229 57530
ONEWEB-0341             
1 49207U 21083X   22320.80441412  .00000141  00000+0  32394-3 0  9998
2 49207  87.9212 235.3076 0002759  84.6259 275.5187 13.18687717 57552
ONEWEB-0342             
1 49208U 21083Y   22321.25001157 -.01455915  00000+0 -40100+0 0  9993
2 49208  87.3808 176.6952 0002708 125.3842 283.5232 14.50428111 65178
ONEWEB-0343             
1 49209U 21083Z   22321.02896438 -.00000047  00000+0 -15314-3 0  9997
2 49209  87.9214 235.3002 0002798  95.8947 264.2504 13.18686529 58926
ONEWEB-0344             
1 49210U 21083AA  22320.74161625 -.00000186  00000+0 -54526-3 0  9992
2 49210  87.9059 220.1770 0001871  66.3076 293.8250 13.13473132 59135
ONEWEB-0345             
1 49211U 21083AB  22320.75962919  .00000134  00000+0  33165-3 0  9996
2 49211  87.9059 220.1594 0002463  66.4762 293.6625 13.13468831 59146
ONEWEB-0346             
1 49212U 21083AC  22320.80750853  .00000042  00000+0  74301-4 0  9991
2 49212  87.9214 235.3349 0002045  59.3469 300.7864 13.18687776 57540
ONEWEB-0348             
1 49213U 21083AD  22320.91675926 -.01323768  00000+0 -32524+0 0  9993
2 49213  87.3623 176.8724 0003638 120.2162 162.9723 14.55990054  1305
ONEWEB-0350             
1 49214U 21083AE  22320.76916396 -.00000101  00000+0 -31171-3 0  9999
2 49214  87.9059 220.1832 0002088  69.8965 290.2389 13.13471605 59175
ONEWEB-0351             
1 49215U 21083AF  22321.25001157 -.01506485  00000+0 -44922+0 0  9996
2 49215  87.4044 176.5403 0004948 113.4692 170.0404 14.46733106 65177
ONEWEB-0352             
1 49216U 21083AG  22320.75011189 -.00000312  00000+0 -88873-3 0  9991
2 49216  87.9059 220.1706 0001640  91.8457 268.2860 13.13473678 59262
ONEWEB-0354             
1 49217U 21083AH  22320.91675926 -.01347681  00000+0 -35586+0 0  9998
2 49217  87.3765 176.8208 0003118 108.0431  50.5899 14.52708403  1307
ONEWEB-0355             
1 49218U 21083AJ  22320.78186487  .00000168  00000+0  42492-3 0  9994
2 49218  87.9057 220.1685 0001892  82.8076 277.3268 13.13472058 59145
ONEWEB-0357             
1 49219U 21083AK  22320.91675926 -.01370736  00000+0 -35541+0 0  9998
2 49219  87.3782 176.7802 0003597 136.7193 204.7775 14.53618906  1306
ONEWEB-0332             
1 49279U 21090A   22321.25001157 -.00045842  00000+0 -12426+0 0  9992
2 49279  87.9111 189.7991 0001481 102.3948  75.2522 13.14526994 55743
ONEWEB-0347             
1 49280U 21090B   22321.25001157 -.00052567  00000+0 -19870-1 0  9998
2 49280  87.6959 176.1219 0003747  39.0753 271.1368 14.31750975 58096
ONEWEB-0349             
1 49281U 21090C   22321.25001157 -.00045288  00000+0 -11194+0 0  9990
2 49281  87.9181 174.6964 0002084  76.5383  84.3274 13.20790838 58465
ONEWEB-0353             
1 49282U 21090D   22321.25001157 -.00045219  00000+0 -12257+0 0  9996
2 49282  87.9054 189.8028 0001283  94.5687 123.1414 13.14522765 57036
ONEWEB-0356             
1 49283U 21090E   22321.25001157 -.00045192  00000+0 -11170+0 0  9990
2 49283  87.9233 174.7048 0001693  46.7831 124.0628 13.20792892 58468
ONEWEB-0358             
1 49284U 21090F   22321.25001157 -.00043885  00000+0 -10846+0 0  9997
2 49284  87.9320 174.6280 0001934  70.6076 340.2377 13.20789134 59197
ONEWEB-0359             
1 49285U 21090G   22321.25001157 -.00044093  00000+0 -10897+0 0  9996
2 49285  87.9318 174.6655 0002342  85.2178 335.6594 13.20792394 59168
ONEWEB-0360             
1 49286U 21090H   22321.25001157 -.00044862  00000+0 -11088+0 0  9994
2 49286  87.9258 174.6665 0001717  80.2953  20.6373 13.20793049 58482
ONEWEB-0361             
1 49287U 21090J   22321.25001157 -.00045102  00000+0 -11148+0 0  9990
2 49287  87.9240 174.6901 0001677  80.7882 100.0908 13.20790557 58475
ONEWEB-0362             
1 49288U 21090K   22320.91675926 -.00017164  00000+0 -42984-1 0  9995
2 49288  87.9312 204.9771 0001209  78.9597  75.1640 13.19729252  1308
ONEWEB-0363             
1 49289U 21090L   22321.25001157 -.00045030  00000+0 -11130+0 0  9993
2 49289  87.9231 174.6858 0001715  70.5171  40.3560 13.20791080 58482
ONEWEB-0364             
1 49290U 21090M   22321.25001157 -.00052945  00000+0 -21566-1 0  9994
2 49290  87.6898 176.4134 0002388  48.5223 245.7407 14.27939364 59284
ONEWEB-0365             
1 49291U 21090N   22320.91675926 -.00016320  00000+0 -40867-1 0  9990
2 49291  87.9227 205.0101 0001734  79.9978  44.6648 13.19733043  1305
ONEWEB-0366             
1 49292U 21090P   22320.91675926  .00005578  00000+0  15005-1 0  9998
2 49292  87.9050 189.8523 0001188  81.7854  19.7212 13.14492634  1307
ONEWEB-0367             
1 49293U 21090Q   22321.25001157 -.00045158  00000+0 -11162+0 0  9994
2 49293  87.9205 174.7134 0001309  93.2612  27.6046 13.20789611 58470
ONEWEB-0368             
1 49294U 21090R   22321.25001157 -.00051329  00000+0 -20922-1 0  9998
2 49294  87.6924 176.4207 0003838  54.8980 345.7042 14.27889815 59292
ONEWEB-0369             
1 49295U 21090S   22321.25001157 -.00030530  00000+0 -76523-1 0  9998
2 49295  87.9260 204.9323 0001373  79.5928 202.1434 13.19747297 55196
ONEWEB-0370             
1 49296U 21090T   22321.25001157 -.00044684  00000+0 -11044+0 0  9999
2 49296  87.9246 174.6975 0001534  80.6760  10.1947 13.20791303 58517
ONEWEB-0371             
1 49297U 21090U   22320.91675926 -.00015748  00000+0 -39434-1 0  9997
2 49297  87.9308 204.9572 0001697  75.5054  34.5109 13.19728961  1309
ONEWEB-0372             
1 49298U 21090V   22321.25001157 -.00045250  00000+0 -11185+0 0  9997
2 49298  87.9241 174.6920 0001144  90.2068  40.6597 13.20789571 58488
ONEWEB-0373             
1 49299U 21090W   22321.25001157 -.00055754  00000+0 -21054-1 0  9996
2 49299  87.6921 176.0174 0006679  57.2555 104.0678 14.31815076 59399
ONEWEB-0374             
1 49300U 21090X   22320.91675926  .00005511  00000+0  14825-1 0  9994
2 49300  87.9050 189.8729 0001341  79.6370  81.8946 13.14492330  1302
ONEWEB-0375             
1 49301U 21090Y   22321.25001157  .00012877  00000+0  31615-1 0  9991
2 49301  87.9318 174.6577 0001799  54.4442  16.4403 13.20728097 59169
ONEWEB-0376             
1 49302U 21090Z   22320.91675926 -.00016065  00000+0 -40230-1 0  9993
2 49302  87.9252 205.0035 0001391  88.3168  29.1041 13.19727693  1305
ONEWEB-0377             
1 49303U 21090AA  22321.25001157 -.00044484  00000+0 -10995+0 0  9990
2 49303  87.9318 174.6522 0001854  86.0111 354.9692 13.20788142 59153
ONEWEB-0378             
1 49304U 21090AB  22321.25001157 -.00044249  00000+0 -10936+0 0  9995
2 49304  87.9207 174.7204 0001319  88.5682 142.3259 13.20791644 58445
ONEWEB-0379             
1 49305U 21090AC  22321.25001157 -.00040616  00000+0 -11004+0 0  9997
2 49305  87.9073 189.7961 0001429  81.8400 245.7926 13.14523850 57037
ONEWEB-0380             
1 49306U 21090AD  22320.91675926 -.00016562  00000+0 -41472-1 0  9998
2 49306  87.9251 205.0092 0001838  77.6751  54.3767 13.19734017  1309
ONEWEB-0381             
1 49307U 21090AE  22321.25001157 -.00045319  00000+0 -11202+0 0  9994
2 49307  87.9247 174.7169 0001787  78.4004  62.4622 13.20789549 58477
ONEWEB-0382             
1 49308U 21090AF  22321.25001157 -.00044961  00000+0 -11113+0 0  9998
2 49308  87.9245 174.7004 0001646  65.0366 125.8011 13.20790742 58474
ONEWEB-0383             
1 49309U 21090AG  22321.25001157 -.00040217  00000+0 -10896+0 0  9996
2 49309  87.9108 189.7553 0001353  73.6644 283.9403 13.14520996 57056
ONEWEB-0384             
1 49310U 21090AH  22321.25001157 -.00044785  00000+0 -11069+0 0  9995
2 49310  87.9226 174.7020 0001844  52.2624 148.5706 13.20792680 58486
ONEWEB-0385             
1 49311U 21090AJ  22321.25001157 -.00044418  00000+0 -10978+0 0  9997
2 49311  87.9253 174.6960 0001462  66.4719 154.4173 13.20792017 58463
ONEWEB-0386             
1 49312U 21090AK  22321.25001157 -.00045317  00000+0 -11201+0 0  9997
2 49312  87.9206 174.6883 0001285  69.5384  81.3154 13.20792472 58474
ONEWEB-0387             
1 49313U 21090AL  22321.25001157 -.00044619  00000+0 -11027+0 0  9998
2 49313  87.9204 174.6987 0001948  79.6348 131.3461 13.20796644 58478
ONEWEB-0388             
1 49314U 21090AM  22320.91675926 -.00016981  00000+0 -42523-1 0  9990
2 49314  87.9262 204.9923 0001701  74.5072  72.1882 13.19733665 55158
ONEWEB-0389             
1 50469U 21132A   22320.91675926 -.00030069  00000+0 -77709-1 0  9997
2 50469  87.9076 265.7720 0002319  65.0664  54.7718 13.17670062  1303
ONEWEB-0390             
1 50470U 21132B   22320.91675926 -.00030004  00000+0 -77539-1 0  9999
2 50470  87.9078 265.7731 0002363  71.8347  40.6841 13.17671101  1307
ONEWEB-0391             
1 50471U 21132C   22320.91675926 -.00029960  00000+0 -77427-1 0  9995
2 50471  87.9078 265.7446 0002166  69.9393  35.1915 13.17670099  1307
ONEWEB-0392             
1 50472U 21132D   22321.25001157  .00043501  00000+0  11151+0 0  9998
2 50472  87.9075 265.7097 0002140  77.4767 321.8752 13.17627375 47165
ONEWEB-0393             
1 50473U 21132E   22321.25001157  .00041476  00000+0  10737+0 0  9997
2 50473  87.9069 265.7071 0002300  82.0649 213.6426 13.16972809 47159
ONEWEB-0394             
1 50474U 21132F   22320.91675926 -.00054427  00000+0 -52589-2 0  9997
2 50474  87.2266 241.5050 0000903 113.3342 280.5100 14.93229859  1301
ONEWEB-0395             
1 50475U 21132G   22321.25001157  .00041683  00000+0  11709+0 0  9999
2 50475  87.8804 281.0108 0002209  78.6319 106.4433 13.11391368 45562
ONEWEB-0396             
1 50476U 21132H   22320.91675926 -.00061622  00000+0 -53568-2 0  9992
2 50476  87.2304 241.5741 0002897  92.8816  95.6298 14.97415153  1305
ONEWEB-0397             
1 50477U 21132J   22321.25001157 -.01024541  00000+0 -11070+0 0  9999
2 50477  87.2312 241.5565 0002907 165.3399 162.3071 14.91491731 49823
ONEWEB-0398             
1 50478U 21132K   22321.25001157  .00039026  00000+0  10964+0 0  9992
2 50478  87.8825 280.9991 0002543  78.3965 260.2080 13.11400562 45453
ONEWEB-0399             
1 50479U 21132L   22321.25001157  .00039572  00000+0  11117+0 0  9990
2 50479  87.8822 281.0127 0001405  81.0758 321.0209 13.11399012 45457
ONEWEB-0400             
1 50480U 21132M   22321.25001157 -.00969480  00000+0 -99382-1 0  9996
2 50480  87.2261 241.3137 0003026 117.4471 168.5989 14.93411353 49858
ONEWEB-0401             
1 50481U 21132N   22321.25001157 -.00980766  00000+0 -10142+0 0  9992
2 50481  87.2281 241.4324 0001224 102.0311  15.4068 14.93110632 49833
ONEWEB-0402             
1 50482U 21132P   22320.91675926 -.00057655  00000+0 -55703-2 0  9993
2 50482  87.2288 241.5660 0001086 124.8739 176.0284 14.93250943  1301
ONEWEB-0403             
1 50483U 21132Q   22320.91675926 -.00055017  00000+0 -53206-2 0  9990
2 50483  87.2259 241.4631 0001564  62.0712 278.9007 14.93197559  1300
ONEWEB-0404             
1 50484U 21132R   22320.91675926 -.00008157  00000+0 -23072-1 0  9991
2 50484  87.8803 281.0396 0001996  58.4253 332.9473 13.11415114  1305
ONEWEB-0405             
1 50485U 21132S   22321.25001157 -.01001295  00000+0 -10317+0 0  9992
2 50485  87.3032 244.2035 0004646 101.4460 164.9994 14.93291419 49843
ONEWEB-0406             
1 50486U 21132T   22320.91675926 -.00062202  00000+0 -53913-2 0  9992
2 50486  87.2309 241.5798 0005236 129.7148  76.8822 14.97524508  1300
ONEWEB-0407             
1 50487U 21132U   22320.91675926 -.01050654  00000+0 -10924+0 0  9994
2 50487  87.2222 241.3093 0005435 115.4406 313.5230 14.93072903  1308
ONEWEB-0409             
1 50488U 21132V   22321.25001157  .00041490  00000+0  11655+0 0  9999
2 50488  87.8815 280.9667 0002201  66.4157  71.0392 13.11390371 45444
ONEWEB-0412             
1 50489U 21132W   22320.91675926 -.00056763  00000+0 -54820-2 0  9998
2 50489  87.2272 241.5107 0002663 116.8532 195.7267 14.93258162  1301
ONEWEB-0413             
1 50490U 21132X   22320.91675926 -.00054360  00000+0 -52534-2 0  9991
2 50490  87.2209 241.2466 0000998 120.7218 270.2285 14.93222366  1308
ONEWEB-0414             
1 50491U 21132Y   22321.25001157 -.00995413  00000+0 -10603+0 0  9990
2 50491  87.2251 241.3154 0004845 124.5310 290.3121 14.91957736 49848
ONEWEB-0417             
1 50492U 21132Z   22321.25001157  .00033966  00000+0  32395-2 0  9990
2 50492  87.2283 241.4468 0005435 124.5206 333.8760 14.93176935 49830
ONEWEB-0418             
1 50493U 21132AA  22321.25001157 -.00990671  00000+0 -10560+0 0  9995
2 50493  87.2318 241.5976 0002322 146.7245 234.6689 14.91932902 49825
ONEWEB-0419             
1 50494U 21132AB  22320.91675926 -.01057246  00000+0 -11109+0 0  9992
2 50494  87.2205 241.2265 0004849 117.4199 103.7191 14.92681009  1303
ONEWEB-0420             
1 50495U 21132AC  22320.91675926 -.01056135  00000+0 -10983+0 0  9998
2 50495  87.2149 240.9899 0000921 148.2197  75.7420 14.93112915  1306
ONEWEB-0421             
1 50496U 21132AD  22321.25001157 -.01021958  00000+0 -10679+0 0  9993
2 50496  87.2178 241.0071 0000807  49.7166  29.2276 14.92821621 49863
ONEWEB-0424             
1 50497U 21132AE  22320.91675926 -.00054966  00000+0 -53197-2 0  9996
2 50497  87.2349 241.8241 0003113 137.1625 284.8712 14.93163844  1304
ONEWEB-0426             
1 50498U 21132AF  22320.91675926 -.01059131  00000+0 -11027+0 0  9990
2 50498  87.2222 241.3123 0003086  88.8894 254.5038 14.93062804  1307
ONEWEB-0427             
1 50499U 21132AG  22320.91675926 -.00061200  00000+0 -59105-2 0  9992
2 50499  87.2161 241.0344 0004056  90.9655 167.9445 14.93278139  1308
ONEWEB-0429             
1 50500U 21132AH  22321.25001157 -.00964697  00000+0 -10064+0 0  9992
2 50500  87.2194 241.0537 0001416 130.4534 204.8238 14.92714498 49859
ONEWEB-0430             
1 50501U 21132AJ  22320.91675926 -.00058651  00000+0 -56666-2 0  9991
2 50501  87.2329 241.7409 0004155 117.8114 170.8436 14.93248312  1309
ONEWEB-0432             
1 50502U 21132AK  22321.25001157 -.00977670  00000+0 -10502+0 0  9996
2 50502  87.2180 240.9989 0001451 185.4434  22.1192 14.91593014 49862
ONEWEB-0440             
1 50503U 21132AL  22320.91675926 -.00057068  00000+0 -55113-2 0  9990
2 50503  87.2216 241.2546 0001349 111.4144 197.7361 14.93263618  1309
ONEWEB-0450             
1 50504U 21132AM  22321.25001157 -.00976463  00000+0 -10127+0 0  9990
2 50504  87.2305 241.5346 0002539 117.2224 349.2437 14.92975465 49832
ONEWEB-0410             
1 51622U 22012A   22321.25001157  .00000014  00000+0  00000+0 0  9997
2 51622  87.9329 265.7075 0001506  14.0954  86.6790 13.38487944 42714
ONEWEB-0411             
1 51623U 22012B   22321.25001157  .00027296  00000+0  77940-1 0  9998
2 51623  87.8727 296.2709 0002383  74.4405 337.4032 13.10361279 39279
ONEWEB-0415             
1 51624U 22012C   22321.25001157  .00027435  00000+0  78342-1 0  9991
2 51624  87.8718 296.2535 0002456  87.2714 339.2167 13.10355804 39279
ONEWEB-0416             
1 51625U 22012D   22321.25001157  .00026579  00000+0  75910-1 0  9998
2 51625  87.8702 296.2367 0001897  92.1198 282.9892 13.10351588 39325
ONEWEB-0422             
1 51626U 22012E   22321.25001157  .00000015  00000+0  00000+0 0  9992
2 51626  87.7403 265.9594 0005360  32.7507 173.6136 13.58842602 42797
ONEWEB-0423             
1 51627U 22012F   22321.25001157  .00000014  00000+0  00000+0 0  9992
2 51627  87.9226 265.7140 0003340  66.5128  34.4623 13.40386998 42717
ONEWEB-0425             
1 51628U 22012G   22321.25001157  .00025214  00000+0  72022-1 0  9997
2 51628  87.8695 296.2406 0001346  74.9184 256.1329 13.10351065 39323
ONEWEB-0428             
1 51629U 22012H   22321.25001157  .00027413  00000+0  78279-1 0  9991
2 51629  87.8698 296.2328 0001815 106.6613 312.5786 13.10356502 39270
ONEWEB-0431             
1 51630U 22012J   22321.25001157  .00024101  00000+0  68847-1 0  9994
2 51630  87.8750 296.2319 0002646  99.3398 187.6153 13.10352948 39338
ONEWEB-0434             
1 51631U 22012K   22321.25001157  .00024815  00000+0  70883-1 0  9990
2 51631  87.8765 296.2147 0001911 102.3470 214.0698 13.10351878 39323
ONEWEB-0435             
1 51632U 22012L   22321.25001157  .00023909  00000+0  68298-1 0  9991
2 51632  87.8766 296.2148 0001897 111.2991 161.0271 13.10352690 39293
ONEWEB-0436             
1 51633U 22012M   22321.25001157  .00000013  00000+0  00000+0 0  9998
2 51633  87.9403 265.6979 0001270  20.1235 134.8458 13.35861665 42719
ONEWEB-0438             
1 51634U 22012N   22321.25001157  .00025950  00000+0  74119-1 0  9990
2 51634  87.8759 296.2142 0001677  82.2703 270.8096 13.10350232 39345
ONEWEB-0439             
1 51635U 22012P   22321.25001157  .00025461  00000+0  72725-1 0  9999
2 51635  87.8736 296.2384 0001867  89.3736 249.0251 13.10350717 39310
ONEWEB-0442             
1 51636U 22012Q   22321.25001157  .00000013  00000+0  00000+0 0  9991
2 51636  87.9430 265.7239 0002244  77.7905 346.0568 13.35164337 42706
ONEWEB-0443             
1 51637U 22012R   22321.25001157  .00000014  00000+0  00000+0 0  9993
2 51637  87.9271 265.7053 0000393 243.7192 185.2646 13.43212561 42746
ONEWEB-0444             
1 51638U 22012S   22321.25001157  .00026802  00000+0  76542-1 0  9993
2 51638  87.8764 296.2167 0001789  93.9046 288.6070 13.10353436 39332
ONEWEB-0445             
1 51639U 22012T   22321.25001157  .00023949  00000+0  68411-1 0  9999
2 51639  87.8749 296.2517 0002244  72.0119 207.6645 13.10353729 39335
ONEWEB-0446             
1 51640U 22012U   22321.25001157  .00026929  00000+0  76905-1 0  9999
2 51640  87.8717 296.2490 0002209  86.5947 303.1756 13.10352157 39331
ONEWEB-0448             
1 51641U 22012V   22321.25001157  .00026368  00000+0  75306-1 0  9991
2 51641  87.8710 296.2444 0001849  95.0473 272.7713 13.10353034 39296
ONEWEB-0449             
1 51642U 22012W   22320.91675926  .00018045  00000+0  51563-1 0  9997
2 51642  87.8762 296.2815 0001710  75.1551 139.4005 13.10363832  1300
ONEWEB-0451             
1 51643U 22012X   22321.25001157  .00000014  00000+0  00000+0 0  9990
2 51643  87.9368 265.7528 0002539  81.2809 104.7388 13.36198634 42702
ONEWEB-0452             
1 51644U 22012Y   22321.25001157  .00000013  00000+0  00000+0 0  9990
2 51644  87.9405 265.7307 0000618  68.7509 252.2297 13.35108808 42715
ONEWEB-0455             
1 51645U 22012Z   22321.12975715  .00000263  00000+0  11000-3 0  9990
2 51645  87.5257 280.2811 0019182  61.4853 298.8266 14.22332448 41400
ONEWEB-0456             
1 51646U 22012AA  22321.25001157  .00024385  00000+0  69660-1 0  9999
2 51646  87.8746 296.2502 0002129  92.4981 209.2246 13.10349434 39343
ONEWEB-0457             
1 51647U 22012AB  22321.25001157  .00027302  00000+0  77967-1 0  9991
2 51647  87.8839 296.1875 0001848  62.5113 341.9054 13.10353335 39358
ONEWEB-0458             
1 51648U 22012AC  22321.25001157  .00024582  00000+0  70218-1 0  9991
2 51648  87.8695 296.2350 0001590  99.2068 209.8878 13.10352136 39307
ONEWEB-0461             
1 51649U 22012AD  22321.25001157  .00000015  00000+0  00000+0 0  9997
2 51649  87.7472 265.9141 0003260  73.4347  53.0850 13.75948427 42860
ONEWEB-0463             
1 51650U 22012AE  22321.25001157  .00000014  00000+0  00000+0 0  9998
2 51650  87.9377 265.7593 0000825 348.8909 288.6704 13.36765606 42715
ONEWEB-0464             
1 51651U 22012AF  22321.25001157  .00025018  00000+0  71464-1 0  9994
2 51651  87.8733 296.2254 0001878 106.0448 217.7075 13.10350471 39324
ONEWEB-0468             
1 51652U 22012AG  22321.25001157  .00024218  00000+0  69180-1 0  9998
2 51652  87.8741 296.2430 0001765  85.4502 208.8463 13.10351869 39308
ONEWEB-0473             
1 51653U 22012AH  22321.25001157  .00026152  00000+0  74695-1 0  9995
2 51653  87.8691 296.2400 0001624 101.3870 259.0857 13.10351044 39311
ONEWEB-0474             
1 51654U 22012AJ  22321.25001157  .00027114  00000+0  77434-1 0  9999
2 51654  87.8730 296.2232 0001852 104.5755 292.5154 13.10352446 39295
ONEWEB-0475             
1 51655U 22012AK  22321.25001157  .00000014  00000+0  00000+0 0  9993
2 51655  87.9263 265.7450 0000692 203.8121  32.6520 13.38745503 42713
ONEWEB-0490             
1 54113U 22138A   22320.91675926 -.00973895  00000+0 -14044+0 0  9998
2 54113  87.4492 208.7718 0012158 189.0524   8.6742 14.79449976  1300
ONEWEB-0492             
1 54114U 22138B   22321.25001157 -.00034601  00000+0 -47219-2 0  9992
2 54114  87.4444 208.6734 0013237 193.6637 288.8717 14.78904501  4654
ONEWEB-0495             
1 54115U 22138C   22321.25001157 -.01021363  00000+0 -16267+0 0  9991
2 54115  87.4391 208.6939 0013514 213.8665 136.0191 14.74880102  4653
ONEWEB-0497             
1 54116U 22138D   22320.91675926 -.00978566  00000+0 -14874+0 0  9992
2 54116  87.4435 208.7888 0014320 199.5936 273.4314 14.77216144  1308
ONEWEB-0499             
1 54117U 22138E   22321.25001157 -.00993957  00000+0 -15028+0 0  9993
2 54117  87.4483 208.6759 0013299 191.5720 291.9826 14.77504357  4655
ONEWEB-0500             
1 54118U 22138F   22321.25001157 -.00976185  00000+0 -13788+0 0  9999
2 54118  87.4525 208.6555 0010529 185.0331  53.0845 14.80346189  4666
ONEWEB-0501             
1 54119U 22138G   22320.91675926 -.00935299  00000+0 -14358+0 0  9998
2 54119  87.4415 208.7821 0014094 204.5136 233.3045 14.76659507  1302
ONEWEB-0502             
1 54120U 22138H   22320.91675926 -.00972648  00000+0 -13818+0 0  9999
2 54120  87.4499 208.7676 0011386 185.8792  39.2729 14.80081951  1303
ONEWEB-0503             
1 54121U 22138J   22320.91675926 -.00977101  00000+0 -14428+0 0  9997
2 54121  87.4462 208.7759 0013449 193.0481 326.7777 14.78446769  1300
ONEWEB-0504             
1 54122U 22138K   22321.16667824 -.00933400  00000+0 -13260+0 0  9991
2 54122  87.4522 208.6905 0010506 185.6111 313.4177 14.79969377  4641
ONEWEB-0505             
1 54123U 22138L   22321.25001157 -.00963694  00000+0 -15317+0 0  9996
2 54123  87.4412 208.6809 0013701 210.1244 157.9728 14.75276336  4650
ONEWEB-0506             
1 54124U 22138M   22321.25001157 -.00785370  00000+0 -12271+0 0  9996
2 54124  87.4424 208.6861 0015343 210.7091 176.4197 14.75854489  4659
ONEWEB-0507             
1 54125U 22138N   22321.25001157 -.00969953  00000+0 -13481+0 0  9992
2 54125  87.4541 208.6529 0010184 187.1860  82.7888 14.81003320  4664
ONEWEB-0508             
1 54126U 22138P   22321.25001157 -.00981576  00000+0 -14338+0 0  9990
2 54126  87.4514 208.6684 0012141 190.1417 343.7445 14.78934185  4661
ONEWEB-0509             
1 54127U 22138Q   22320.91675926 -.00945162  00000+0 -14411+0 0  9997
2 54127  87.4404 208.7913 0014026 202.6645 253.9688 14.76981095  1301
ONEWEB-0510             
1 54128U 22138R   22321.25001157 -.00034295  00000+0 -34172-2 0  9990
2 54128  87.1974 208.4568 0009418 202.8146 203.1582 14.91866499  4660
ONEWEB-0511             
1 54129U 22138S   22321.25001157 -.00984507  00000+0 -14212+0 0  9991
2 54129  87.4491 208.6653 0011493 184.7460  20.1408 14.79447786  4662
ONEWEB-0512             
1 54130U 22138T   22320.91675926 -.00990287  00000+0 -15133+0 0  9991
2 54130  87.4418 208.7771 0014154 201.4643 260.2504 14.77029143  1305
ONEWEB-0513             
1 54131U 22138U   22321.25001157 -.01182824  00000+0 -37377+0 0  9994
2 54131  87.5045 208.9727 0009929 202.2556 132.3482 14.43593044  4612
ONEWEB-0514             
1 54132U 22138V   22321.25001157 -.00984545  00000+0 -14176+0 0  9996
2 54132  87.4499 208.6580 0011289 187.2451  27.0399 14.79558477  4669
ONEWEB-0515             
1 54133U 22138W   22321.25001157 -.00034758  00000+0 -34844-2 0  9996
2 54133  87.1819 208.4459 0009882 194.0982 190.9811 14.91623426  4667
ONEWEB-0516             
1 54134U 22138X   22321.25001157 -.00979738  00000+0 -14208+0 0  9992
2 54134  87.4505 208.6652 0011337 186.2576   6.6854 14.79242456  4666
ONEWEB-0517             
1 54135U 22138Y   22321.25001157 -.00980756  00000+0 -14517+0 0  9998
2 54135  87.4476 208.6669 0012657 190.9000 320.9270 14.78367171  4667
ONEWEB-0518             
1 54136U 22138Z   22320.91675926 -.00981572  00000+0 -14750+0 0  9998
2 54136  87.4466 208.7830 0013713 197.8502 290.3941 14.77718415  1308
ONEWEB-0519             
1 54137U 22138AA  22321.25001157 -.00716098  00000+0 -99704-1 0  9999
2 54137  87.4534 208.6602 0010823 186.4151  58.4259 14.80520481  4669
ONEWEB-0520             
1 54138U 22138AB  22321.25001157 -.00981158  00000+0 -14517+0 0  9998
2 54138  87.4512 208.6718 0012960 189.8711 331.0919 14.78381720  4668
ONEWEB-0521             
1 54139U 22138AC  22321.25001157 -.00961504  00000+0 -15463+0 0  9993
2 54139  87.4384 208.6878 0013551 215.4624 122.6381 14.74768140  4656
ONEWEB-0522             
1 54140U 22138AD  22321.25001157 -.00957180  00000+0 -14810+0 0  9995
2 54140  87.4434 208.6851 0014775 202.9282 216.1003 14.76385921  4659
ONEWEB-0523             
1 54141U 22138AE  22320.91675926 -.00022500  00000+0 -22433-2 0  9991
2 54141  87.1919 208.5757 0009192 203.6298 209.1831 14.91794236  1301
ONEWEB-0524             
1 54142U 22138AF  22321.25001157 -.00034463  00000+0 -34415-2 0  9993
2 54142  87.1874 208.4464 0009235 200.7548 197.2557 14.91780686  4668
ONEWEB-0525             
1 54143U 22138AG  22321.25001157 -.00954286  00000+0 -14287+0 0  9990
2 54143  87.4478 208.6747 0012695 190.6350 308.7723 14.77801053  4660
ONEWEB-0526             
1 54144U 22138AH  22320.91675926 -.00992761  00000+0 -15336+0 0  9990
2 54144  87.4404 208.7867 0014507 206.5264 227.7623 14.76572469  1301
ONEWEB-0529             
1 54145U 22138AJ  22321.25001157 -.00988950  00000+0 -15135+0 0  9990
2 54145  87.4466 208.6730 0014243 197.4641 255.1386 14.76960695  4656
ONEWEB-0531             
1 54146U 22138AK  22321.25001157 -.00034582  00000+0 -34611-2 0  9997
2 54146  87.1848 208.4605 0009321 200.9435 189.7357 14.91691989  4664
ONEWEB-0535             
1 54147U 22138AL  22320.91675926 -.00963345  00000+0 -13207+0 0  9994
2 54147  87.4512 208.7631 0010277 186.4609  84.0004 14.81551979  1308
ONEWEB-0536             
1 54148U 22138AM  22321.25001157 -.00034794  00000+0 -34937-2 0  9995
2 54148  87.1902 208.4790 0009498 193.8909 184.5060 14.91561788  4660